Krizia Houston Buck - UCA Summer 2017 - Graduate Project - Dr. Emre Celebi 

Time Result(s) - Image, Clusters, Initialization, Presentation Style, Learning Rate, SSE, MSE, MAE: (in seconds) 
3, 8, 2, 1, 1, 455055370087, 1157265, 399.708366394 - 111.173000097 * Output3_K8_RI_LPS_LR1.PNG
3, 8, 2, 1, 2, 1037480176027, 2638448, 1167.04072825 - 115.845999956 * Output3_K8_RI_LPS_LR2.PNG
3, 8, 2, 1, 3, 1644549874735, 4182306, 1065.72901662 - 117.823999882 * Output3_K8_RI_LPS_LR3.PNG
3, 8, 2, 2, 1, 983851560969, 2502063, 879.184466044 - 137.217999935 * Output3_K8_RI_RPS_LR1.PNG
3, 8, 2, 2, 2, 1150899174762, 2926887, 960.171747843 - 139.058000088 * Output3_K8_RI_RPS_LR2.PNG
3, 8, 2, 2, 3, 383044401654, 974132, 601.489308675 - 146.311000109 * Output3_K8_RI_RPS_LR3.PNG
3, 8, 3, 1, 1, 355265313404, 903486, 347.294911702 - 112.065000057 * Output3_K8_MCCI_LPS_LR1.PNG
3, 8, 3, 1, 2, 884632468966, 2249736, 1076.81426493 - 115.562999964 * Output3_K8_MCCI_LPS_LR2.PNG
3, 8, 3, 1, 3, 2655295754787, 6752766, 1411.34627024 - 119.424000025 * Output3_K8_MCCI_LPS_LR3.PNG
3, 8, 3, 2, 1, 258029486072, 656202, 324.90103658 - 139.888000011 * Output3_K8_MCCI_RPS_LR1.PNG
3, 8, 3, 2, 2, 206822283619, 525976, 324.033419291 - 142.730000019 * Output3_K8_MCCI_RPS_LR2.PNG
3, 8, 3, 2, 3, 358827566312, 912545, 396.172093709 - 147.529999971 * Output3_K8_MCCI_RPS_LR3.PNG
3, 8, 4, 1, 1, 166811813671, 424224, 338.307390849 - 111.523000002 * Output3_K8_MI_LPS_LR1.PNG
3, 8, 4, 1, 2, 746308182525, 1897959, 991.430341085 - 117.152999878 * Output3_K8_MI_LPS_LR2.PNG
3, 8, 4, 1, 3, 2655295754787, 6752766, 1411.34627024 - 119.624000072 * Output3_K8_MI_LPS_LR3.PNG
3, 8, 4, 2, 1, 280220363673, 712637, 370.823977153 - 139.068000078 * Output3_K8_MI_RPS_LR1.PNG
3, 8, 4, 2, 2, 217193617556, 552351, 324.316370646 - 142.718999863 * Output3_K8_MI_RPS_LR2.PNG
3, 8, 4, 2, 3, 317938130180, 808558, 385.782145182 - 147.009000063 * Output3_K8_MI_RPS_LR3.PNG
3, 16, 2, 1, 1, 194943430262, 495766, 319.198247274 - 174.266000032 * Output3_K16_RI_LPS_LR1.PNG
3, 16, 2, 1, 2, 529989330233, 1347832, 811.966133118 - 178.355999947 * Output3_K16_RI_LPS_LR2.PNG
3, 16, 2, 1, 3, 1167169463342, 2968265, 892.542755127 - 183.468999863 * Output3_K16_RI_LPS_LR3.PNG
3, 16, 2, 2, 1, 221287765587, 562763, 296.642199198 - 202.90199995 * Output3_K16_RI_RPS_LR1.PNG
3, 16, 2, 2, 2, 276213283143, 702446, 370.94073232 - 204.921000004 * Output3_K16_RI_RPS_LR2.PNG
3, 16, 2, 2, 3, 112802664237, 286872, 344.069969177 - 210.852999926 * Output3_K16_RI_RPS_LR3.PNG
3, 16, 3, 1, 1, 124775415608, 317320, 187.795700073 - 175.319999933 * Output3_K16_MCCI_LPS_LR1.PNG
3, 16, 3, 1, 2, 103058584031, 262091, 273.159665426 - 178.679000139 * Output3_K16_MCCI_LPS_LR2.PNG
3, 16, 3, 1, 3, 452713563007, 1151310, 573.589566549 - 182.907000065 * Output3_K16_MCCI_LPS_LR3.PNG
3, 16, 3, 2, 1, 121847916014, 309875, 183.848251343 - 203.881999969 * Output3_K16_MCCI_RPS_LR1.PNG
3, 16, 3, 2, 2, 55020674417, 139924, 140.386843363 - 206.61500001 * Output3_K16_MCCI_RPS_LR2.PNG
3, 16, 3, 2, 3, 77445655926, 196954, 282.844385783 - 210.842000008 * Output3_K16_MCCI_RPS_LR3.PNG
3, 16, 4, 1, 1, 42482740398, 108039, 153.882644653 - 176.625999928 * Output3_K16_MI_LPS_LR1.PNG
3, 16, 4, 1, 2, 153534988337, 390459, 408.729601542 - 183.544999838 * Output3_K16_MI_LPS_LR2.PNG
3, 16, 4, 1, 3, 452713563007, 1151310, 573.589566549 - 183.866999865 * Output3_K16_MI_LPS_LR3.PNG
3, 16, 4, 2, 1, 50273420383, 127851, 174.626411438 - 202.430000067 * Output3_K16_MI_RPS_LR1.PNG
3, 16, 4, 2, 2, 44069899606, 112075, 169.494344076 - 205.383000135 * Output3_K16_MI_RPS_LR2.PNG
3, 16, 4, 2, 3, 56140903698, 142773, 205.322128296 - 210.507999897 * Output3_K16_MI_RPS_LR3.PNG
3, 32, 2, 1, 1, 33094970595, 84164, 161.499371847 - 307.752000093 * Output3_K32_RI_LPS_LR1.PNG
3, 32, 2, 1, 2, 84249444808, 214257, 241.042678833 - 322.825999975 * Output3_K32_RI_LPS_LR2.PNG
3, 32, 2, 1, 3, 427236396663, 1086518, 564.45055898 - 325.835000038 * Output3_K32_RI_LPS_LR3.PNG
3, 32, 2, 2, 1, 110724040551, 281585, 242.692476908 - 386.559999943 * Output3_K32_RI_RPS_LR1.PNG
3, 32, 2, 2, 2, 44883725973, 114145, 173.82644399 - 398.769999981 * Output3_K32_RI_RPS_LR2.PNG
3, 32, 2, 2, 3, 37955317104, 96525, 168.950586955 - 406.353000164 * Output3_K32_RI_RPS_LR3.PNG
3, 32, 3, 1, 1, 92226825647, 234544, 160.698661804 - 311.752000093 * Output3_K32_MCCI_LPS_LR1.PNG
3, 32, 3, 1, 2, 36494822553, 92811, 148.792732239 - 324.52699995 * Output3_K32_MCCI_LPS_LR2.PNG
3, 32, 3, 1, 3, 102453184193, 260551, 301.201001485 - 328.767000198 * Output3_K32_MCCI_LPS_LR3.PNG
3, 32, 3, 2, 1, 88279343024, 224505, 139.416549683 - 370.927999973 * Output3_K32_MCCI_RPS_LR1.PNG
3, 32, 3, 2, 2, 13371059246, 34004, 69.3554382324 - 376.865999937 * Output3_K32_MCCI_RPS_LR2.PNG
3, 32, 3, 2, 3, 16436838584, 41801, 111.450897217 - 387.638999939 * Output3_K32_MCCI_RPS_LR3.PNG
3, 32, 4, 1, 1, 10484649068, 26663, 85.569056193 - 321.333999872 * Output3_K32_MI_LPS_LR1.PNG
3, 32, 4, 1, 2, 37839809801, 96231, 150.932609558 - 311.462999821 * Output3_K32_MI_LPS_LR2.PNG
3, 32, 4, 1, 3, 102453184193, 260551, 301.201001485 - 325.755000114 * Output3_K32_MI_LPS_LR3.PNG
3, 32, 4, 2, 1, 9301981487, 23656, 83.3298670451 - 379.960000038 * Output3_K32_MI_RPS_LR1.PNG
3, 32, 4, 2, 2, 9787330039, 24890, 74.1581853231 - 372.876000166 * Output3_K32_MI_RPS_LR2.PNG
3, 32, 4, 2, 3, 16411957148, 41737, 105.788920085 - 390.81400013 * Output3_K32_MI_RPS_LR3.PNG
3, 64, 2, 1, 1, 24044031719, 61147, 122.206881205 - 600.351000071 * Output3_K64_RI_LPS_LR1.PNG
3, 64, 2, 1, 2, 68310301659, 173722, 191.132769267 - 581.93900013 * Output3_K64_RI_LPS_LR2.PNG
3, 64, 2, 1, 3, 127042694086, 323086, 333.018859863 - 610.215000153 * Output3_K64_RI_LPS_LR3.PNG
3, 64, 2, 2, 1, 28288627676, 71941, 120.767923991 - 681.832000017 * Output3_K64_RI_RPS_LR1.PNG
3, 64, 2, 2, 2, 15218902509, 38703, 92.2717158 - 700.23300004 * Output3_K64_RI_RPS_LR2.PNG
3, 64, 2, 2, 3, 22670914809, 57655, 105.647244771 - 694.919999838 * Output3_K64_RI_RPS_LR3.PNG
3, 64, 3, 1, 1, 72793894070, 185124, 113.545756022 - 574.877000093 * Output3_K64_MCCI_LPS_LR1.PNG
3, 64, 3, 1, 2, 6726751104, 17107, 64.0554402669 - 585.881999969 * Output3_K64_MCCI_LPS_LR2.PNG
3, 64, 3, 1, 3, 29831198184, 75864, 142.058705648 - 591.302999973 * Output3_K64_MCCI_LPS_LR3.PNG
3, 64, 3, 2, 1, 55897655358, 142155, 104.049845378 - 628.198999882 * Output3_K64_MCCI_RPS_LR1.PNG
3, 64, 3, 2, 2, 4429770610, 11265, 38.7537180583 - 647.572000027 * Output3_K64_MCCI_RPS_LR2.PNG
3, 64, 3, 2, 3, 3826545482, 9731, 52.4277292887 - 681.305999994 * Output3_K64_MCCI_RPS_LR3.PNG
3, 64, 4, 1, 1, 2499126172, 6355, 46.3143819173 - 622.101999998 * Output3_K64_MI_LPS_LR1.PNG
3, 64, 4, 1, 2, 7663165491, 19488, 64.5531539917 - 599.584000111 * Output3_K64_MI_LPS_LR2.PNG
3, 64, 4, 1, 3, 39507996153, 100474, 144.449236552 - 633.490999937 * Output3_K64_MI_LPS_LR3.PNG
3, 64, 4, 2, 1, 2506118574, 6373, 42.7375996908 - 672.292999983 * Output3_K64_MI_RPS_LR1.PNG
3, 64, 4, 2, 2, 2737328965, 6961, 37.4279556274 - 644.755000114 * Output3_K64_MI_RPS_LR2.PNG
3, 64, 4, 2, 3, 3402664377, 8653, 51.880241394 - 682.200999975 * Output3_K64_MI_RPS_LR3.PNG
3, 128, 2, 1, 1, 5125869840, 13035, 62.9945831299 - 1119.2750001 * Output3_K128_RI_LPS_LR1.PNG
3, 128, 2, 1, 2, 11391062336, 28968, 77.9515380859 - 1136.45600009 * Output3_K128_RI_LPS_LR2.PNG
3, 128, 2, 1, 3, 48051744296, 122201, 181.040395101 - 1143.00099993 * Output3_K128_RI_LPS_LR3.PNG
3, 128, 2, 2, 1, 10130295467, 25762, 81.789004008 - 1251.89499998 * Output3_K128_RI_RPS_LR1.PNG
3, 128, 2, 2, 2, 5780231306, 14699, 58.3593037923 - 1276.4230001 * Output3_K128_RI_RPS_LR2.PNG
3, 128, 2, 2, 3, 5584743970, 14202, 61.1665395101 - 1284.89500022 * Output3_K128_RI_RPS_LR3.PNG
3, 128, 3, 1, 1, 68136863048, 173281, 101.479705811 - 1132.30599999 * Output3_K128_MCCI_LPS_LR1.PNG
3, 128, 3, 1, 2, 2154043394, 5478, 35.7938283285 - 1135.648 * Output3_K128_MCCI_LPS_LR2.PNG
3, 128, 3, 1, 3, 8756719930, 22269, 85.0015309652 - 1156.30200005 * Output3_K128_MCCI_LPS_LR3.PNG
3, 128, 3, 2, 1, 24645148986, 62675, 69.3645426432 - 1195.20499992 * Output3_K128_MCCI_RPS_LR1.PNG
3, 128, 3, 2, 2, 1756629084, 4467, 23.4323221842 - 1202.10300016 * Output3_K128_MCCI_RPS_LR2.PNG
3, 128, 3, 2, 3, 1156273159, 2940, 28.6469904582 - 1257.74899983 * Output3_K128_MCCI_RPS_LR3.PNG
3, 128, 4, 1, 1, 809160811, 2057, 25.8344192505 - 1215.273 * Output3_K128_MI_LPS_LR1.PNG
3, 128, 4, 1, 2, 1993422051, 5069, 36.5238571167 - 1150.64700007 * Output3_K128_MI_LPS_LR2.PNG
3, 128, 4, 1, 3, 11058977421, 28124, 96.2304560343 - 1231.4059999 * Output3_K128_MI_LPS_LR3.PNG
3, 128, 4, 2, 1, 853510872, 2170, 25.2090454102 - 1264.75600004 * Output3_K128_MI_RPS_LR1.PNG
3, 128, 4, 2, 2, 878195334, 2233, 21.0049235026 - 1243.51699996 * Output3_K128_MI_RPS_LR2.PNG
3, 128, 4, 2, 3, 1358294655, 3454, 30.5404230754 - 1273.58500004 * Output3_K128_MI_RPS_LR3.PNG
3, 256, 2, 1, 1, 1936950174, 4925, 38.3232269287 - 2190.37100005 * Output3_K256_RI_LPS_LR1.PNG
3, 256, 2, 1, 2, 4583674843, 11656, 51.9375279744 - 2219.21399999 * Output3_K256_RI_LPS_LR2.PNG
3, 256, 2, 1, 3, 28673139990, 72919, 129.550643921 - 2198.82700014 * Output3_K256_RI_LPS_LR3.PNG
3, 256, 2, 2, 1, 2274120604, 5783, 41.7492472331 - 2366.54399991 * Output3_K256_RI_RPS_LR1.PNG
3, 256, 2, 2, 2, 1646755630, 4187, 30.2119344076 - 2421.5 * Output3_K256_RI_RPS_LR2.PNG
3, 256, 2, 2, 3, 2233775537, 5680, 39.9874954224 - 2439.56700015 * Output3_K256_RI_RPS_LR3.PNG
3, 256, 3, 1, 1, 6702937892, 17046, 38.8216094971 - 2189.36899996 * Output3_K256_MCCI_LPS_LR1.PNG
3, 256, 3, 1, 2, 762412431, 1938, 20.7512639364 - 2210.87700009 * Output3_K256_MCCI_LPS_LR2.PNG
3, 256, 3, 1, 3, 2304896502, 5861, 44.7084096273 - 2157.86599994 * Output3_K256_MCCI_LPS_LR3.PNG
3, 256, 3, 2, 1, 5893607247, 14988, 35.3615442912 - 2204.61400008 * Output3_K256_MCCI_RPS_LR1.PNG
3, 256, 3, 2, 2, 771111417, 1961, 15.970278422 - 2235.92999983 * Output3_K256_MCCI_RPS_LR2.PNG
3, 256, 3, 2, 3, 410611466, 1044, 17.518931071 - 2384.64999986 * Output3_K256_MCCI_RPS_LR3.PNG
3, 256, 4, 1, 1, 303881127, 772, 16.265663147 - 2379.66000009 * Output3_K256_MI_LPS_LR1.PNG
3, 256, 4, 1, 2, 604805001, 1538, 20.4338556925 - 2249.37299991 * Output3_K256_MI_LPS_LR2.PNG
3, 256, 4, 1, 3, 2136566566, 5433, 41.9258728027 - 2413.91700006 * Output3_K256_MI_LPS_LR3.PNG
3, 256, 4, 2, 1, 298910616, 760, 16.0766855876 - 2461.65999985 * Output3_K256_MI_RPS_LR1.PNG
3, 256, 4, 2, 2, 298276984, 758, 13.1104939779 - 2429.56400013 * Output3_K256_MI_RPS_LR2.PNG
3, 256, 4, 2, 3, 410483785, 1043, 17.7891260783 - 2454.45099998 * Output3_K256_MI_RPS_LR3.PNG

Average of 108 run(s) in seconds: 
804.253009266
Average of 108 run(s) in minutes: 
13.4042168211